========================================================
YEAR    MONTH    DAY    HOUR    MIN    TEMP        Line
========================================================
2021      1     16       1      1    -47           1
2021      1     16       1      3    -44           2
2021      1     16       1      4    -43           3
       строку
2021      2     16       1      1    -25           5
2021      2     17       1      1    -30           6
2021      3     16       1      1    -10           7
2021      4     16       1      1      0           8
2021      5     16       1      1     10           9
2021      6     16       1      1     25          10
2021      7     16       1      1     30          11
2021      8     16       1      1     20          12
2021      9     16       1      1     18          13
2021     10     16       1      1      2          14
2021     11     16       1      1     -5          15
2021     12     16       1      1    -20          16
Статистика за 2021-01:
  Среднемесячная температура = -44.67
  Минимальная температура    = -47
  Максимальная температура    = -43

Статистика за год 2021:
  Среднегодовая температура = -7.93
  Минимальная температура   = -47
  Максимальная температура   = 30
